(100, 0) (80, 170)
(100, 1) (80, 171)
(100, 2) (80, 172)
(100, 3) (80, 173)
(100, 4) (80, 174)
(100, 5) (80, 175)
(100, 6) (80, 176)
(100, 7) (80, 177)
(100, 8) (80, 178)
(100, 9) (80, 179)
(101, 0) (79, 169)
(101, 1) (79, 170)
(101, 2) (79, 171)
(101, 3) (79, 172)
(101, 4) (79, 173)
(101, 5) (79, 174)
(101, 6) (79, 175)
(101, 7) (79, 176)
(101, 8) (79, 177)
(101, 9) (79, 178)
(101, 10) (79, 179)
(102, 0) (78, 168)
(102, 1) (78, 169)
(102, 2) (78, 170)
(102, 3) (78, 171)
(102, 4) (78, 172)
(102, 5) (78, 173)
(102, 6) (78, 174)
(102, 7) (78, 175)
(102, 8) (78, 176)
(102, 9) (78, 177)
(102, 10) (78, 178)
(102, 11) (78, 179)
(103, 0) (77, 167)
(103, 1) (77, 168)
(103, 2) (77, 169)
(103, 3) (77, 170)
(103, 4) (77, 171)
(103, 5) (77, 172)
(103, 6) (77, 173)
(103, 7) (77, 174)
(103, 8) (77, 175)
(103, 9) (77, 176)
(103, 10) (77, 177)
(103, 11) (77, 178)
(103, 12) (77, 179)
(104, 0) (76, 166)
(104, 1) (76, 167)
(104, 2) (76, 168)
(104, 3) (76, 169)
(104, 4) (76, 170)
(104, 5) (76, 171)
(104, 6) (76, 172)
(104, 7) (76, 173)
(104, 8) (76, 174)
(104, 9) (76, 175)
(104, 10) (76, 176)
(104, 11) (76, 177)
(104, 12) (76, 178)
(104, 13) (76, 179)
(105, 0) (75, 165)
(105, 1) (75, 166)
(105, 2) (75, 167)
(105, 3) (75, 168)
(105, 4) (75, 169)
(105, 5) (75, 170)
(105, 6) (75, 171)
(105, 7) (75, 172)
(105, 8) (75, 173)
(105, 9) (75, 174)
(105, 10) (75, 175)
(105, 11) (75, 176)
(105, 12) (75, 177)
(105, 13) (75, 178)
(105, 14) (75, 179)
(106, 0) (74, 164)
(106, 1) (74, 165)
(106, 2) (74, 166)
(106, 3) (74, 167)
(106, 4) (74, 168)
(106, 5) (74, 169)
(106, 6) (74, 170)
(106, 7) (74, 171)
(106, 8) (74, 172)
(106, 9) (74, 173)
(106, 10) (74, 174)
(106, 11) (74, 175)
(106, 12) (74, 176)
(106, 13) (74, 177)
(106, 14) (74, 178)
(106, 15) (74, 179)
(107, 0) (73, 163)
(107, 1) (73, 164)
(107, 2) (73, 165)
(107, 3) (73, 166)
(107, 4) (73, 167)
(107, 5) (73, 168)
(107, 6) (73, 169)
(107, 7) (73, 170)
(107, 8) (73, 171)
(107, 9) (73, 172)
(107, 10) (73, 173)
(107, 11) (73, 174)
(107, 12) (73, 175)
(107, 13) (73, 176)
(107, 14) (73, 177)
(107, 15) (73, 178)
(107, 16) (73, 179)
(108, 0) (72, 162)
(108, 1) (72, 163)
(108, 2) (72, 164)
(108, 3) (72, 165)
(108, 4) (72, 166)
(108, 5) (72, 167)
(108, 6) (72, 168)
(108, 7) (72, 169)
(108, 8) (72, 170)
(108, 9) (72, 171)
(108, 10) (72, 172)
(108, 11) (72, 173)
(108, 12) (72, 174)
(108, 13) (72, 175)
(108, 14) (72, 176)
(108, 15) (72, 177)
(108, 16) (72, 178)
(108, 17) (72, 179)
(109, 0) (71, 161)
(109, 1) (71, 162)
(109, 2) (71, 163)
(109, 3) (71, 164)
(109, 4) (71, 165)
(109, 5) (71, 166)
(109, 6) (71, 167)
(109, 7) (71, 168)
(109, 8) (71, 169)
(109, 9) (71, 170)
(109, 10) (71, 171)
(109, 11) (71, 172)
(109, 12) (71, 173)
(109, 13) (71, 174)
(109, 14) (71, 175)
(109, 15) (71, 176)
(109, 16) (71, 177)
(109, 17) (71, 178)
(109, 18) (71, 179)
(110, 0) (70, 160)
(110, 1) (70, 161)
(110, 2) (70, 162)
(110, 3) (70, 163)
(110, 4) (70, 164)
(110, 5) (70, 165)
(110, 6) (70, 166)
(110, 7) (70, 167)
(110, 8) (70, 168)
(110, 9) (70, 169)
(110, 10) (70, 170)
(110, 11) (70, 171)
(110, 12) (70, 172)
(110, 13) (70, 173)
(110, 14) (70, 174)
(110, 15) (70, 175)
(110, 16) (70, 176)
(110, 17) (70, 177)
(110, 18) (70, 178)
(110, 19) (70, 179)
(111, 0) (69, 159)
(111, 1) (69, 160)
(111, 2) (69, 161)
(111, 3) (69, 162)
(111, 4) (69, 163)
(111, 5) (69, 164)
(111, 6) (69, 165)
(111, 7) (69, 166)
(111, 8) (69, 167)
(111, 9) (69, 168)
(111, 10) (69, 169)
(111, 11) (69, 170)
(111, 12) (69, 171)
(111, 13) (69, 172)
(111, 14) (69, 173)
(111, 15) (69, 174)
(111, 16) (69, 175)
(111, 17) (69, 176)
(111, 18) (69, 177)
(111, 19) (69, 178)
(111, 20) (69, 179)
(112, 0) (68, 158)
(112, 1) (68, 159)
(112, 2) (68, 160)
(112, 3) (68, 161)
(112, 4) (68, 162)
(112, 5) (68, 163)
(112, 6) (68, 164)
(112, 7) (68, 165)
(112, 8) (68, 166)
(112, 9) (68, 167)
(112, 10) (68, 168)
(112, 11) (68, 169)
(112, 12) (68, 170)
(112, 13) (68, 171)
(112, 14) (68, 172)
(112, 15) (68, 173)
(112, 16) (68, 174)
(112, 17) (68, 175)
(112, 18) (68, 176)
(112, 19) (68, 177)
(112, 20) (68, 178)
(112, 21) (68, 179)
(113, 0) (67, 157)
(113, 1) (67, 158)
(113, 2) (67, 159)
(113, 3) (67, 160)
(113, 4) (67, 161)
(113, 5) (67, 162)
(113, 6) (67, 163)
(113, 7) (67, 164)
(113, 8) (67, 165)
(113, 9) (67, 166)
(113, 10) (67, 167)
(113, 11) (67, 168)
(113, 12) (67, 169)
(113, 13) (67, 170)
(113, 14) (67, 171)
(113, 15) (67, 172)
(113, 16) (67, 173)
(113, 17) (67, 174)
(113, 18) (67, 175)
(113, 19) (67, 176)
(113, 20) (67, 177)
(113, 21) (67, 178)
(113, 22) (67, 179)
(114, 0) (66, 156)
(114, 1) (66, 157)
(114, 2) (66, 158)
(114, 3) (66, 159)
(114, 4) (66, 160)
(114, 5) (66, 161)
(114, 6) (66, 162)
(114, 7) (66, 163)
(114, 8) (66, 164)
(114, 9) (66, 165)
(114, 10) (66, 166)
(114, 11) (66, 167)
(114, 12) (66, 168)
(114, 13) (66, 169)
(114, 14) (66, 170)
(114, 15) (66, 171)
(114, 16) (66, 172)
(114, 17) (66, 173)
(114, 18) (66, 174)
(114, 19) (66, 175)
(114, 20) (66, 176)
(114, 21) (66, 177)
(114, 22) (66, 178)
(114, 23) (66, 179)
(115, 0) (65, 155)
(115, 1) (65, 156)
(115, 2) (65, 157)
(115, 3) (65, 158)
(115, 4) (65, 159)
(115, 5) (65, 160)
(115, 6) (65, 161)
(115, 7) (65, 162)
(115, 8) (65, 163)
(115, 9) (65, 164)
(115, 10) (65, 165)
(115, 11) (65, 166)
(115, 12) (65, 167)
(115, 13) (65, 168)
(115, 14) (65, 169)
(115, 15) (65, 170)
(115, 16) (65, 171)
(115, 17) (65, 172)
(115, 18) (65, 173)
(115, 19) (65, 174)
(115, 20) (65, 175)
(115, 21) (65, 176)
(115, 22) (65, 177)
(115, 23) (65, 178)
(115, 24) (65, 179)
(116, 0) (64, 154)
(116, 1) (64, 155)
(116, 2) (64, 156)
(116, 3) (64, 157)
(116, 4) (64, 158)
(116, 5) (64, 159)
(116, 6) (64, 160)
(116, 7) (64, 161)
(116, 8) (64, 162)
(116, 9) (64, 163)
(116, 10) (64, 164)
(116, 11) (64, 165)
(116, 12) (64, 166)
(116, 13) (64, 167)
(116, 14) (64, 168)
(116, 15) (64, 169)
(116, 16) (64, 170)
(116, 17) (64, 171)
(116, 18) (64, 172)
(116, 19) (64, 173)
(116, 20) (64, 174)
(116, 21) (64, 175)
(116, 22) (64, 176)
(116, 23) (64, 177)
(116, 24) (64, 178)
(116, 25) (64, 179)
(117, 0) (63, 153)
(117, 1) (63, 154)
(117, 2) (63, 155)
(117, 3) (63, 156)
(117, 4) (63, 157)
(117, 5) (63, 158)
(117, 6) (63, 159)
(117, 7) (63, 160)
(117, 8) (63, 161)
(117, 9) (63, 162)
(117, 10) (63, 163)
(117, 11) (63, 164)
(117, 12) (63, 165)
(117, 13) (63, 166)
(117, 14) (63, 167)
(117, 15) (63, 168)
(117, 16) (63, 169)
(117, 17) (63, 170)
(117, 18) (63, 171)
(117, 19) (63, 172)
(117, 20) (63, 173)
(117, 21) (63, 174)
(117, 22) (63, 175)
(117, 23) (63, 176)
(117, 24) (63, 177)
(117, 25) (63, 178)
(117, 26) (63, 179)
(118, 0) (62, 152)
(118, 1) (62, 153)
(118, 2) (62, 154)
(118, 3) (62, 155)
(118, 4) (62, 156)
(118, 5) (62, 157)
(118, 6) (62, 158)
(118, 7) (62, 159)
(118, 8) (62, 160)
(118, 9) (62, 161)
(118, 10) (62, 162)
(118, 11) (62, 163)
(118, 12) (62, 164)
(118, 13) (62, 165)
(118, 14) (62, 166)
(118, 15) (62, 167)
(118, 16) (62, 168)
(118, 17) (62, 169)
(118, 18) (62, 170)
(118, 19) (62, 171)
(118, 20) (62, 172)
(118, 21) (62, 173)
(118, 22) (62, 174)
(118, 23) (62, 175)
(118, 24) (62, 176)
(118, 25) (62, 177)
(118, 26) (62, 178)
(118, 27) (62, 179)
(119, 0) (61, 151)
(119, 1) (61, 152)
(119, 2) (61, 153)
(119, 3) (61, 154)
(119, 4) (61, 155)
(119, 5) (61, 156)
(119, 6) (61, 157)
(119, 7) (61, 158)
(119, 8) (61, 159)
(119, 9) (61, 160)
(119, 10) (61, 161)
(119, 11) (61, 162)
(119, 12) (61, 163)
(119, 13) (61, 164)
(119, 14) (61, 165)
(119, 15) (61, 166)
(119, 16) (61, 167)
(119, 17) (61, 168)
(119, 18) (61, 169)
(119, 19) (61, 170)
(119, 20) (61, 171)
(119, 21) (61, 172)
(119, 22) (61, 173)
(119, 23) (61, 174)
(119, 24) (61, 175)
(119, 25) (61, 176)
(119, 26) (61, 177)
(119, 27) (61, 178)
(119, 28) (61, 179)
(120, 0) (60, 150)
(120, 1) (60, 151)
(120, 2) (60, 152)
(120, 3) (60, 153)
(120, 4) (60, 154)
(120, 5) (60, 155)
(120, 6) (60, 156)
(120, 7) (60, 157)
(120, 8) (60, 158)
(120, 9) (60, 159)
(120, 10) (60, 160)
(120, 11) (60, 161)
(120, 12) (60, 162)
(120, 13) (60, 163)
(120, 14) (60, 164)
(120, 15) (60, 165)
(120, 16) (60, 166)
(120, 17) (60, 167)
(120, 18) (60, 168)
(120, 19) (60, 169)
(120, 20) (60, 170)
(120, 21) (60, 171)
(120, 22) (60, 172)
(120, 23) (60, 173)
(120, 24) (60, 174)
(120, 25) (60, 175)
(120, 26) (60, 176)
(120, 27) (60, 177)
(120, 28) (60, 178)
(120, 29) (60, 179)
(121, 0) (59, 149)
(121, 1) (59, 150)
(121, 2) (59, 151)
(121, 3) (59, 152)
(121, 4) (59, 153)
(121, 5) (59, 154)
(121, 6) (59, 155)
(121, 7) (59, 156)
(121, 8) (59, 157)
(121, 9) (59, 158)
(121, 10) (59, 159)
(121, 11) (59, 160)
(121, 12) (59, 161)
(121, 13) (59, 162)
(121, 14) (59, 163)
(121, 15) (59, 164)
(121, 16) (59, 165)
(121, 17) (59, 166)
(121, 18) (59, 167)
(121, 19) (59, 168)
(121, 20) (59, 169)
(121, 21) (59, 170)
(121, 22) (59, 171)
(121, 23) (59, 172)
(121, 24) (59, 173)
(121, 25) (59, 174)
(121, 26) (59, 175)
(121, 27) (59, 176)
(121, 28) (59, 177)
(121, 29) (59, 178)
(121, 30) (59, 179)
(122, 0) (58, 148)
(122, 1) (58, 149)
(122, 2) (58, 150)
(122, 3) (58, 151)
(122, 4) (58, 152)
(122, 5) (58, 153)
(122, 6) (58, 154)
(122, 7) (58, 155)
(122, 8) (58, 156)
(122, 9) (58, 157)
(122, 10) (58, 158)
(122, 11) (58, 159)
(122, 12) (58, 160)
(122, 13) (58, 161)
(122, 14) (58, 162)
(122, 15) (58, 163)
(122, 16) (58, 164)
(122, 17) (58, 165)
(122, 18) (58, 166)
(122, 19) (58, 167)
(122, 20) (58, 168)
(122, 21) (58, 169)
(122, 22) (58, 170)
(122, 23) (58, 171)
(122, 24) (58, 172)
(122, 25) (58, 173)
(122, 26) (58, 174)
(122, 27) (58, 175)
(122, 28) (58, 176)
(122, 29) (58, 177)
(122, 30) (58, 178)
(122, 31) (58, 179)
(123, 0) (57, 147)
(123, 1) (57, 148)
(123, 2) (57, 149)
(123, 3) (57, 150)
(123, 4) (57, 151)
(123, 5) (57, 152)
(123, 6) (57, 153)
(123, 7) (57, 154)
(123, 8) (57, 155)
(123, 9) (57, 156)
(123, 10) (57, 157)
(123, 11) (57, 158)
(123, 12) (57, 159)
(123, 13) (57, 160)
(123, 14) (57, 161)
(123, 15) (57, 162)
(123, 16) (57, 163)
(123, 17) (57, 164)
(123, 18) (57, 165)
(123, 19) (57, 166)
(123, 20) (57, 167)
(123, 21) (57, 168)
(123, 22) (57, 169)
(123, 23) (57, 170)
(123, 24) (57, 171)
(123, 25) (57, 172)
(123, 26) (57, 173)
(123, 27) (57, 174)
(123, 28) (57, 175)
(123, 29) (57, 176)
(123, 30) (57, 177)
(123, 31) (57, 178)
(123, 32) (57, 179)
(124, 0) (56, 146)
(124, 1) (56, 147)
(124, 2) (56, 148)
(124, 3) (56, 149)
(124, 4) (56, 150)
(124, 5) (56, 151)
(124, 6) (56, 152)
(124, 7) (56, 153)
(124, 8) (56, 154)
(124, 9) (56, 155)
(124, 10) (56, 156)
(124, 11) (56, 157)
(124, 12) (56, 158)
(124, 13) (56, 159)
(124, 14) (56, 160)
(124, 15) (56, 161)
(124, 16) (56, 162)
(124, 17) (56, 163)
(124, 18) (56, 164)
(124, 19) (56, 165)
(124, 20) (56, 166)
(124, 21) (56, 167)
(124, 22) (56, 168)
(124, 23) (56, 169)
(124, 24) (56, 170)
(124, 25) (56, 171)
(124, 26) (56, 172)
(124, 27) (56, 173)
(124, 28) (56, 174)
(124, 29) (56, 175)
(124, 30) (56, 176)
(124, 31) (56, 177)
(124, 32) (56, 178)
(124, 33) (56, 179)
(125, 0) (55, 145)
(125, 1) (55, 146)
(125, 2) (55, 147)
(125, 3) (55, 148)
(125, 4) (55, 149)
(125, 5) (55, 150)
(125, 6) (55, 151)
(125, 7) (55, 152)
(125, 8) (55, 153)
(125, 9) (55, 154)
(125, 10) (55, 155)
(125, 11) (55, 156)
(125, 12) (55, 157)
(125, 13) (55, 158)
(125, 14) (55, 159)
(125, 15) (55, 160)
(125, 16) (55, 161)
(125, 17) (55, 162)
(125, 18) (55, 163)
(125, 19) (55, 164)
(125, 20) (55, 165)
(125, 21) (55, 166)
(125, 22) (55, 167)
(125, 23) (55, 168)
(125, 24) (55, 169)
(125, 25) (55, 170)
(125, 26) (55, 171)
(125, 27) (55, 172)
(125, 28) (55, 173)
(125, 29) (55, 174)
(125, 30) (55, 175)
(125, 31) (55, 176)
(125, 32) (55, 177)
(125, 33) (55, 178)
(125, 34) (55, 179)
(126, 0) (54, 144)
(126, 1) (54, 145)
(126, 2) (54, 146)
(126, 3) (54, 147)
(126, 4) (54, 148)
(126, 5) (54, 149)
(126, 6) (54, 150)
(126, 7) (54, 151)
(126, 8) (54, 152)
(126, 9) (54, 153)
(126, 10) (54, 154)
(126, 11) (54, 155)
(126, 12) (54, 156)
(126, 13) (54, 157)
(126, 14) (54, 158)
(126, 15) (54, 159)
(126, 16) (54, 160)
(126, 17) (54, 161)
(126, 18) (54, 162)
(126, 19) (54, 163)
(126, 20) (54, 164)
(126, 21) (54, 165)
(126, 22) (54, 166)
(126, 23) (54, 167)
(126, 24) (54, 168)
(126, 25) (54, 169)
(126, 26) (54, 170)
(126, 27) (54, 171)
(126, 28) (54, 172)
(126, 29) (54, 173)
(126, 30) (54, 174)
(126, 31) (54, 175)
(126, 32) (54, 176)
(126, 33) (54, 177)
(126, 34) (54, 178)
(126, 35) (54, 179)
(127, 0) (53, 143)
(127, 1) (53, 144)
(127, 2) (53, 145)
(127, 3) (53, 146)
(127, 4) (53, 147)
(127, 5) (53, 148)
(127, 6) (53, 149)
(127, 7) (53, 150)
(127, 8) (53, 151)
(127, 9) (53, 152)
(127, 10) (53, 153)
(127, 11) (53, 154)
(127, 12) (53, 155)
(127, 13) (53, 156)
(127, 14) (53, 157)
(127, 15) (53, 158)
(127, 16) (53, 159)
(127, 17) (53, 160)
(127, 18) (53, 161)
(127, 19) (53, 162)
(127, 20) (53, 163)
(127, 21) (53, 164)
(127, 22) (53, 165)
(127, 23) (53, 166)
(127, 24) (53, 167)
(127, 25) (53, 168)
(127, 26) (53, 169)
(127, 27) (53, 170)
(127, 28) (53, 171)
(127, 29) (53, 172)
(127, 30) (53, 173)
(127, 31) (53, 174)
(127, 32) (53, 175)
(127, 33) (53, 176)
(127, 34) (53, 177)
(127, 35) (53, 178)
(127, 36) (53, 179)
(128, 0) (52, 142)
(128, 1) (52, 143)
(128, 2) (52, 144)
(128, 3) (52, 145)
(128, 4) (52, 146)
(128, 5) (52, 147)
(128, 6) (52, 148)
(128, 7) (52, 149)
(128, 8) (52, 150)
(128, 9) (52, 151)
(128, 10) (52, 152)
(128, 11) (52, 153)
(128, 12) (52, 154)
(128, 13) (52, 155)
(128, 14) (52, 156)
(128, 15) (52, 157)
(128, 16) (52, 158)
(128, 17) (52, 159)
(128, 18) (52, 160)
(128, 19) (52, 161)
(128, 20) (52, 162)
(128, 21) (52, 163)
(128, 22) (52, 164)
(128, 23) (52, 165)
(128, 24) (52, 166)
(128, 25) (52, 167)
(128, 26) (52, 168)
(128, 27) (52, 169)
(128, 28) (52, 170)
(128, 29) (52, 171)
(128, 30) (52, 172)
(128, 31) (52, 173)
(128, 32) (52, 174)
(128, 33) (52, 175)
(128, 34) (52, 176)
(128, 35) (52, 177)
(128, 36) (52, 178)
(128, 37) (52, 179)
(129, 0) (51, 141)
(129, 1) (51, 142)
(129, 2) (51, 143)
(129, 3) (51, 144)
(129, 4) (51, 145)
(129, 5) (51, 146)
(129, 6) (51, 147)
(129, 7) (51, 148)
(129, 8) (51, 149)
(129, 9) (51, 150)
(129, 10) (51, 151)
(129, 11) (51, 152)
(129, 12) (51, 153)
(129, 13) (51, 154)
(129, 14) (51, 155)
(129, 15) (51, 156)
(129, 16) (51, 157)
(129, 17) (51, 158)
(129, 18) (51, 159)
(129, 19) (51, 160)
(129, 20) (51, 161)
(129, 21) (51, 162)
(129, 22) (51, 163)
(129, 23) (51, 164)
(129, 24) (51, 165)
(129, 25) (51, 166)
(129, 26) (51, 167)
(129, 27) (51, 168)
(129, 28) (51, 169)
(129, 29) (51, 170)
(129, 30) (51, 171)
(129, 31) (51, 172)
(129, 32) (51, 173)
(129, 33) (51, 174)
(129, 34) (51, 175)
(129, 35) (51, 176)
(129, 36) (51, 177)
(129, 37) (51, 178)
(129, 38) (51, 179)
(130, 0) (50, 140)
(130, 1) (50, 141)
(130, 2) (50, 142)
(130, 3) (50, 143)
(130, 4) (50, 144)
(130, 5) (50, 145)
(130, 6) (50, 146)
(130, 7) (50, 147)
(130, 8) (50, 148)
(130, 9) (50, 149)
(130, 10) (50, 150)
(130, 11) (50, 151)
(130, 12) (50, 152)
(130, 13) (50, 153)
(130, 14) (50, 154)
(130, 15) (50, 155)
(130, 16) (50, 156)
(130, 17) (50, 157)
(130, 18) (50, 158)
(130, 19) (50, 159)
(130, 20) (50, 160)
(130, 21) (50, 161)
(130, 22) (50, 162)
(130, 23) (50, 163)
(130, 24) (50, 164)
(130, 25) (50, 165)
(130, 26) (50, 166)
(130, 27) (50, 167)
(130, 28) (50, 168)
(130, 29) (50, 169)
(130, 30) (50, 170)
(130, 31) (50, 171)
(130, 32) (50, 172)
(130, 33) (50, 173)
(130, 34) (50, 174)
(130, 35) (50, 175)
(130, 36) (50, 176)
(130, 37) (50, 177)
(130, 38) (50, 178)
(130, 39) (50, 179)
(131, 0) (49, 139)
(131, 1) (49, 140)
(131, 2) (49, 141)
(131, 3) (49, 142)
(131, 4) (49, 143)
(131, 5) (49, 144)
(131, 6) (49, 145)
(131, 7) (49, 146)
(131, 8) (49, 147)
(131, 9) (49, 148)
(131, 10) (49, 149)
(131, 11) (49, 150)
(131, 12) (49, 151)
(131, 13) (49, 152)
(131, 14) (49, 153)
(131, 15) (49, 154)
(131, 16) (49, 155)
(131, 17) (49, 156)
(131, 18) (49, 157)
(131, 19) (49, 158)
(131, 20) (49, 159)
(131, 21) (49, 160)
(131, 22) (49, 161)
(131, 23) (49, 162)
(131, 24) (49, 163)
(131, 25) (49, 164)
(131, 26) (49, 165)
(131, 27) (49, 166)
(131, 28) (49, 167)
(131, 29) (49, 168)
(131, 30) (49, 169)
(131, 31) (49, 170)
(131, 32) (49, 171)
(131, 33) (49, 172)
(131, 34) (49, 173)
(131, 35) (49, 174)
(131, 36) (49, 175)
(131, 37) (49, 176)
(131, 38) (49, 177)
(131, 39) (49, 178)
(131, 40) (49, 179)
(132, 0) (48, 138)
(132, 1) (48, 139)
(132, 2) (48, 140)
(132, 3) (48, 141)
(132, 4) (48, 142)
(132, 5) (48, 143)
(132, 6) (48, 144)
(132, 7) (48, 145)
(132, 8) (48, 146)
(132, 9) (48, 147)
(132, 10) (48, 148)
(132, 11) (48, 149)
(132, 12) (48, 150)
(132, 13) (48, 151)
(132, 14) (48, 152)
(132, 15) (48, 153)
(132, 16) (48, 154)
(132, 17) (48, 155)
(132, 18) (48, 156)
(132, 19) (48, 157)
(132, 20) (48, 158)
(132, 21) (48, 159)
(132, 22) (48, 160)
(132, 23) (48, 161)
(132, 24) (48, 162)
(132, 25) (48, 163)
(132, 26) (48, 164)
(132, 27) (48, 165)
(132, 28) (48, 166)
(132, 29) (48, 167)
(132, 30) (48, 168)
(132, 31) (48, 169)
(132, 32) (48, 170)
(132, 33) (48, 171)
(132, 34) (48, 172)
(132, 35) (48, 173)
(132, 36) (48, 174)
(132, 37) (48, 175)
(132, 38) (48, 176)
(132, 39) (48, 177)
(132, 40) (48, 178)
(132, 41) (48, 179)
(133, 0) (47, 137)
(133, 1) (47, 138)
(133, 2) (47, 139)
(133, 3) (47, 140)
(133, 4) (47, 141)
(133, 5) (47, 142)
(133, 6) (47, 143)
(133, 7) (47, 144)
(133, 8) (47, 145)
(133, 9) (47, 146)
(133, 10) (47, 147)
(133, 11) (47, 148)
(133, 12) (47, 149)
(133, 13) (47, 150)
(133, 14) (47, 151)
(133, 15) (47, 152)
(133, 16) (47, 153)
(133, 17) (47, 154)
(133, 18) (47, 155)
(133, 19) (47, 156)
(133, 20) (47, 157)
(133, 21) (47, 158)
(133, 22) (47, 159)
(133, 23) (47, 160)
(133, 24) (47, 161)
(133, 25) (47, 162)
(133, 26) (47, 163)
(133, 27) (47, 164)
(133, 28) (47, 165)
(133, 29) (47, 166)
(133, 30) (47, 167)
(133, 31) (47, 168)
(133, 32) (47, 169)
(133, 33) (47, 170)
(133, 34) (47, 171)
(133, 35) (47, 172)
(133, 36) (47, 173)
(133, 37) (47, 174)
(133, 38) (47, 175)
(133, 39) (47, 176)
(133, 40) (47, 177)
(133, 41) (47, 178)
(133, 42) (47, 179)
(134, 0) (46, 136)
(134, 1) (46, 137)
(134, 2) (46, 138)
(134, 3) (46, 139)
(134, 4) (46, 140)
(134, 5) (46, 141)
(134, 6) (46, 142)
(134, 7) (46, 143)
(134, 8) (46, 144)
(134, 9) (46, 145)
(134, 10) (46, 146)
(134, 11) (46, 147)
(134, 12) (46, 148)
(134, 13) (46, 149)
(134, 14) (46, 150)
(134, 15) (46, 151)
(134, 16) (46, 152)
(134, 17) (46, 153)
(134, 18) (46, 154)
(134, 19) (46, 155)
(134, 20) (46, 156)
(134, 21) (46, 157)
(134, 22) (46, 158)
(134, 23) (46, 159)
(134, 24) (46, 160)
(134, 25) (46, 161)
(134, 26) (46, 162)
(134, 27) (46, 163)
(134, 28) (46, 164)
(134, 29) (46, 165)
(134, 30) (46, 166)
(134, 31) (46, 167)
(134, 32) (46, 168)
(134, 33) (46, 169)
(134, 34) (46, 170)
(134, 35) (46, 171)
(134, 36) (46, 172)
(134, 37) (46, 173)
(134, 38) (46, 174)
(134, 39) (46, 175)
(134, 40) (46, 176)
(134, 41) (46, 177)
(134, 42) (46, 178)
(134, 43) (46, 179)
(135, 0) (45, 135)
(135, 1) (45, 136)
(135, 2) (45, 137)
(135, 3) (45, 138)
(135, 4) (45, 139)
(135, 5) (45, 140)
(135, 6) (45, 141)
(135, 7) (45, 142)
(135, 8) (45, 143)
(135, 9) (45, 144)
(135, 10) (45, 145)
(135, 11) (45, 146)
(135, 12) (45, 147)
(135, 13) (45, 148)
(135, 14) (45, 149)
(135, 15) (45, 150)
(135, 16) (45, 151)
(135, 17) (45, 152)
(135, 18) (45, 153)
(135, 19) (45, 154)
(135, 20) (45, 155)
(135, 21) (45, 156)
(135, 22) (45, 157)
(135, 23) (45, 158)
(135, 24) (45, 159)
(135, 25) (45, 160)
(135, 26) (45, 161)
(135, 27) (45, 162)
(135, 28) (45, 163)
(135, 29) (45, 164)
(135, 30) (45, 165)
(135, 31) (45, 166)
(135, 32) (45, 167)
(135, 33) (45, 168)
(135, 34) (45, 169)
(135, 35) (45, 170)
(135, 36) (45, 171)
(135, 37) (45, 172)
(135, 38) (45, 173)
(135, 39) (45, 174)
(135, 40) (45, 175)
(135, 41) (45, 176)
(135, 42) (45, 177)
(135, 43) (45, 178)
(135, 44) (45, 179)
(136, 0) (44, 134)
(136, 1) (44, 135)
(136, 2) (44, 136)
(136, 3) (44, 137)
(136, 4) (44, 138)
(136, 5) (44, 139)
(136, 6) (44, 140)
(136, 7) (44, 141)
(136, 8) (44, 142)
(136, 9) (44, 143)
(136, 10) (44, 144)
(136, 11) (44, 145)
(136, 12) (44, 146)
(136, 13) (44, 147)
(136, 14) (44, 148)
(136, 15) (44, 149)
(136, 16) (44, 150)
(136, 17) (44, 151)
(136, 18) (44, 152)
(136, 19) (44, 153)
(136, 20) (44, 154)
(136, 21) (44, 155)
(136, 22) (44, 156)
(136, 23) (44, 157)
(136, 24) (44, 158)
(136, 25) (44, 159)
(136, 26) (44, 160)
(136, 27) (44, 161)
(136, 28) (44, 162)
(136, 29) (44, 163)
(136, 30) (44, 164)
(136, 31) (44, 165)
(136, 32) (44, 166)
(136, 33) (44, 167)
(136, 34) (44, 168)
(136, 35) (44, 169)
(136, 36) (44, 170)
(136, 37) (44, 171)
(136, 38) (44, 172)
(136, 39) (44, 173)
(136, 40) (44, 174)
(136, 41) (44, 175)
(136, 42) (44, 176)
(136, 43) (44, 177)
(136, 44) (44, 178)
(136, 45) (44, 179)
(137, 0) (43, 133)
(137, 1) (43, 134)
(137, 2) (43, 135)
(137, 3) (43, 136)
(137, 4) (43, 137)
(137, 5) (43, 138)
(137, 6) (43, 139)
(137, 7) (43, 140)
(137, 8) (43, 141)
(137, 9) (43, 142)
(137, 10) (43, 143)
(137, 11) (43, 144)
(137, 12) (43, 145)
(137, 13) (43, 146)
(137, 14) (43, 147)
(137, 15) (43, 148)
(137, 16) (43, 149)
(137, 17) (43, 150)
(137, 18) (43, 151)
(137, 19) (43, 152)
(137, 20) (43, 153)
(137, 21) (43, 154)
(137, 22) (43, 155)
(137, 23) (43, 156)
(137, 24) (43, 157)
(137, 25) (43, 158)
(137, 26) (43, 159)
(137, 27) (43, 160)
(137, 28) (43, 161)
(137, 29) (43, 162)
(137, 30) (43, 163)
(137, 31) (43, 164)
(137, 32) (43, 165)
(137, 33) (43, 166)
(137, 34) (43, 167)
(137, 35) (43, 168)
(137, 36) (43, 169)
(137, 37) (43, 170)
(137, 38) (43, 171)
(137, 39) (43, 172)
(137, 40) (43, 173)
(137, 41) (43, 174)
(137, 42) (43, 175)
(137, 43) (43, 176)
(137, 44) (43, 177)
(137, 45) (43, 178)
(137, 46) (43, 179)
(138, 0) (42, 132)
(138, 1) (42, 133)
(138, 2) (42, 134)
(138, 3) (42, 135)
(138, 4) (42, 136)
(138, 5) (42, 137)
(138, 6) (42, 138)
(138, 7) (42, 139)
(138, 8) (42, 140)
(138, 9) (42, 141)
(138, 10) (42, 142)
(138, 11) (42, 143)
(138, 12) (42, 144)
(138, 13) (42, 145)
(138, 14) (42, 146)
(138, 15) (42, 147)
(138, 16) (42, 148)
(138, 17) (42, 149)
(138, 18) (42, 150)
(138, 19) (42, 151)
(138, 20) (42, 152)
(138, 21) (42, 153)
(138, 22) (42, 154)
(138, 23) (42, 155)
(138, 24) (42, 156)
(138, 25) (42, 157)
(138, 26) (42, 158)
(138, 27) (42, 159)
(138, 28) (42, 160)
(138, 29) (42, 161)
(138, 30) (42, 162)
(138, 31) (42, 163)
(138, 32) (42, 164)
(138, 33) (42, 165)
(138, 34) (42, 166)
(138, 35) (42, 167)
(138, 36) (42, 168)
(138, 37) (42, 169)
(138, 38) (42, 170)
(138, 39) (42, 171)
(138, 40) (42, 172)
(138, 41) (42, 173)
(138, 42) (42, 174)
(138, 43) (42, 175)
(138, 44) (42, 176)
(138, 45) (42, 177)
(138, 46) (42, 178)
(138, 47) (42, 179)
(139, 0) (41, 131)
(139, 1) (41, 132)
(139, 2) (41, 133)
(139, 3) (41, 134)
(139, 4) (41, 135)
(139, 5) (41, 136)
(139, 6) (41, 137)
(139, 7) (41, 138)
(139, 8) (41, 139)
(139, 9) (41, 140)
(139, 10) (41, 141)
(139, 11) (41, 142)
(139, 12) (41, 143)
(139, 13) (41, 144)
(139, 14) (41, 145)
(139, 15) (41, 146)
(139, 16) (41, 147)
(139, 17) (41, 148)
(139, 18) (41, 149)
(139, 19) (41, 150)
(139, 20) (41, 151)
(139, 21) (41, 152)
(139, 22) (41, 153)
(139, 23) (41, 154)
(139, 24) (41, 155)
(139, 25) (41, 156)
(139, 26) (41, 157)
(139, 27) (41, 158)
(139, 28) (41, 159)
(139, 29) (41, 160)
(139, 30) (41, 161)
(139, 31) (41, 162)
(139, 32) (41, 163)
(139, 33) (41, 164)
(139, 34) (41, 165)
(139, 35) (41, 166)
(139, 36) (41, 167)
(139, 37) (41, 168)
(139, 38) (41, 169)
(139, 39) (41, 170)
(139, 40) (41, 171)
(139, 41) (41, 172)
(139, 42) (41, 173)
(139, 43) (41, 174)
(139, 44) (41, 175)
(139, 45) (41, 176)
(139, 46) (41, 177)
(139, 47) (41, 178)
(139, 48) (41, 179)
(140, 0) (40, 130)
(140, 1) (40, 131)
(140, 2) (40, 132)
(140, 3) (40, 133)
(140, 4) (40, 134)
(140, 5) (40, 135)
(140, 6) (40, 136)
(140, 7) (40, 137)
(140, 8) (40, 138)
(140, 9) (40, 139)
(140, 10) (40, 140)
(140, 11) (40, 141)
(140, 12) (40, 142)
(140, 13) (40, 143)
(140, 14) (40, 144)
(140, 15) (40, 145)
(140, 16) (40, 146)
(140, 17) (40, 147)
(140, 18) (40, 148)
(140, 19) (40, 149)
(140, 20) (40, 150)
(140, 21) (40, 151)
(140, 22) (40, 152)
(140, 23) (40, 153)
(140, 24) (40, 154)
(140, 25) (40, 155)
(140, 26) (40, 156)
(140, 27) (40, 157)
(140, 28) (40, 158)
(140, 29) (40, 159)
(140, 30) (40, 160)
(140, 31) (40, 161)
(140, 32) (40, 162)
(140, 33) (40, 163)
(140, 34) (40, 164)
(140, 35) (40, 165)
(140, 36) (40, 166)
(140, 37) (40, 167)
(140, 38) (40, 168)
(140, 39) (40, 169)
(140, 40) (40, 170)
(140, 41) (40, 171)
(140, 42) (40, 172)
(140, 43) (40, 173)
(140, 44) (40, 174)
(140, 45) (40, 175)
(140, 46) (40, 176)
(140, 47) (40, 177)
(140, 48) (40, 178)
(140, 49) (40, 179)
(141, 0) (39, 129)
(141, 1) (39, 130)
(141, 2) (39, 131)
(141, 3) (39, 132)
(141, 4) (39, 133)
(141, 5) (39, 134)
(141, 6) (39, 135)
(141, 7) (39, 136)
(141, 8) (39, 137)
(141, 9) (39, 138)
(141, 10) (39, 139)
(141, 11) (39, 140)
(141, 12) (39, 141)
(141, 13) (39, 142)
(141, 14) (39, 143)
(141, 15) (39, 144)
(141, 16) (39, 145)
(141, 17) (39, 146)
(141, 18) (39, 147)
(141, 19) (39, 148)
(141, 20) (39, 149)
(141, 21) (39, 150)
(141, 22) (39, 151)
(141, 23) (39, 152)
(141, 24) (39, 153)
(141, 25) (39, 154)
(141, 26) (39, 155)
(141, 27) (39, 156)
(141, 28) (39, 157)
(141, 29) (39, 158)
(141, 30) (39, 159)
(141, 31) (39, 160)
(141, 32) (39, 161)
(141, 33) (39, 162)
(141, 34) (39, 163)
(141, 35) (39, 164)
(141, 36) (39, 165)
(141, 37) (39, 166)
(141, 38) (39, 167)
(141, 39) (39, 168)
(141, 40) (39, 169)
(141, 41) (39, 170)
(141, 42) (39, 171)
(141, 43) (39, 172)
(141, 44) (39, 173)
(141, 45) (39, 174)
(141, 46) (39, 175)
(141, 47) (39, 176)
(141, 48) (39, 177)
(141, 49) (39, 178)
(141, 50) (39, 179)
(142, 0) (38, 128)
(142, 1) (38, 129)
(142, 2) (38, 130)
(142, 3) (38, 131)
(142, 4) (38, 132)
(142, 5) (38, 133)
(142, 6) (38, 134)
(142, 7) (38, 135)
(142, 8) (38, 136)
(142, 9) (38, 137)
(142, 10) (38, 138)
(142, 11) (38, 139)
(142, 12) (38, 140)
(142, 13) (38, 141)
(142, 14) (38, 142)
(142, 15) (38, 143)
(142, 16) (38, 144)
(142, 17) (38, 145)
(142, 18) (38, 146)
(142, 19) (38, 147)
(142, 20) (38, 148)
(142, 21) (38, 149)
(142, 22) (38, 150)
(142, 23) (38, 151)
(142, 24) (38, 152)
(142, 25) (38, 153)
(142, 26) (38, 154)
(142, 27) (38, 155)
(142, 28) (38, 156)
(142, 29) (38, 157)
(142, 30) (38, 158)
(142, 31) (38, 159)
(142, 32) (38, 160)
(142, 33) (38, 161)
(142, 34) (38, 162)
(142, 35) (38, 163)
(142, 36) (38, 164)
(142, 37) (38, 165)
(142, 38) (38, 166)
(142, 39) (38, 167)
(142, 40) (38, 168)
(142, 41) (38, 169)
(142, 42) (38, 170)
(142, 43) (38, 171)
(142, 44) (38, 172)
(142, 45) (38, 173)
(142, 46) (38, 174)
(142, 47) (38, 175)
(142, 48) (38, 176)
(142, 49) (38, 177)
(142, 50) (38, 178)
(142, 51) (38, 179)
(143, 0) (37, 127)
(143, 1) (37, 128)
(143, 2) (37, 129)
(143, 3) (37, 130)
(143, 4) (37, 131)
(143, 5) (37, 132)
(143, 6) (37, 133)
(143, 7) (37, 134)
(143, 8) (37, 135)
(143, 9) (37, 136)
(143, 10) (37, 137)
(143, 11) (37, 138)
(143, 12) (37, 139)
(143, 13) (37, 140)
(143, 14) (37, 141)
(143, 15) (37, 142)
(143, 16) (37, 143)
(143, 17) (37, 144)
(143, 18) (37, 145)
(143, 19) (37, 146)
(143, 20) (37, 147)
(143, 21) (37, 148)
(143, 22) (37, 149)
(143, 23) (37, 150)
(143, 24) (37, 151)
(143, 25) (37, 152)
(143, 26) (37, 153)
(143, 27) (37, 154)
(143, 28) (37, 155)
(143, 29) (37, 156)
(143, 30) (37, 157)
(143, 31) (37, 158)
(143, 32) (37, 159)
(143, 33) (37, 160)
(143, 34) (37, 161)
(143, 35) (37, 162)
(143, 36) (37, 163)
(143, 37) (37, 164)
(143, 38) (37, 165)
(143, 39) (37, 166)
(143, 40) (37, 167)
(143, 41) (37, 168)
(143, 42) (37, 169)
(143, 43) (37, 170)
(143, 44) (37, 171)
(143, 45) (37, 172)
(143, 46) (37, 173)
(143, 47) (37, 174)
(143, 48) (37, 175)
(143, 49) (37, 176)
(143, 50) (37, 177)
(143, 51) (37, 178)
(143, 52) (37, 179)
(144, 0) (36, 126)
(144, 1) (36, 127)
(144, 2) (36, 128)
(144, 3) (36, 129)
(144, 4) (36, 130)
(144, 5) (36, 131)
(144, 6) (36, 132)
(144, 7) (36, 133)
(144, 8) (36, 134)
(144, 9) (36, 135)
(144, 10) (36, 136)
(144, 11) (36, 137)
(144, 12) (36, 138)
(144, 13) (36, 139)
(144, 14) (36, 140)
(144, 15) (36, 141)
(144, 16) (36, 142)
(144, 17) (36, 143)
(144, 18) (36, 144)
(144, 19) (36, 145)
(144, 20) (36, 146)
(144, 21) (36, 147)
(144, 22) (36, 148)
(144, 23) (36, 149)
(144, 24) (36, 150)
(144, 25) (36, 151)
(144, 26) (36, 152)
(144, 27) (36, 153)
(144, 28) (36, 154)
(144, 29) (36, 155)
(144, 30) (36, 156)
(144, 31) (36, 157)
(144, 32) (36, 158)
(144, 33) (36, 159)
(144, 34) (36, 160)
(144, 35) (36, 161)
(144, 36) (36, 162)
(144, 37) (36, 163)
(144, 38) (36, 164)
(144, 39) (36, 165)
(144, 40) (36, 166)
(144, 41) (36, 167)
(144, 42) (36, 168)
(144, 43) (36, 169)
(144, 44) (36, 170)
(144, 45) (36, 171)
(144, 46) (36, 172)
(144, 47) (36, 173)
(144, 48) (36, 174)
(144, 49) (36, 175)
(144, 50) (36, 176)
(144, 51) (36, 177)
(144, 52) (36, 178)
(144, 53) (36, 179)
(145, 0) (35, 125)
(145, 1) (35, 126)
(145, 2) (35, 127)
(145, 3) (35, 128)
(145, 4) (35, 129)
(145, 5) (35, 130)
(145, 6) (35, 131)
(145, 7) (35, 132)
(145, 8) (35, 133)
(145, 9) (35, 134)
(145, 10) (35, 135)
(145, 11) (35, 136)
(145, 12) (35, 137)
(145, 13) (35, 138)
(145, 14) (35, 139)
(145, 15) (35, 140)
(145, 16) (35, 141)
(145, 17) (35, 142)
(145, 18) (35, 143)
(145, 19) (35, 144)
(145, 20) (35, 145)
(145, 21) (35, 146)
(145, 22) (35, 147)
(145, 23) (35, 148)
(145, 24) (35, 149)
(145, 25) (35, 150)
(145, 26) (35, 151)
(145, 27) (35, 152)
(145, 28) (35, 153)
(145, 29) (35, 154)
(145, 30) (35, 155)
(145, 31) (35, 156)
(145, 32) (35, 157)
(145, 33) (35, 158)
(145, 34) (35, 159)
(145, 35) (35, 160)
(145, 36) (35, 161)
(145, 37) (35, 162)
(145, 38) (35, 163)
(145, 39) (35, 164)
(145, 40) (35, 165)
(145, 41) (35, 166)
(145, 42) (35, 167)
(145, 43) (35, 168)
(145, 44) (35, 169)
(145, 45) (35, 170)
(145, 46) (35, 171)
(145, 47) (35, 172)
(145, 48) (35, 173)
(145, 49) (35, 174)
(145, 50) (35, 175)
(145, 51) (35, 176)
(145, 52) (35, 177)
(145, 53) (35, 178)
(145, 54) (35, 179)
(146, 0) (34, 124)
(146, 1) (34, 125)
(146, 2) (34, 126)
(146, 3) (34, 127)
(146, 4) (34, 128)
(146, 5) (34, 129)
(146, 6) (34, 130)
(146, 7) (34, 131)
(146, 8) (34, 132)
(146, 9) (34, 133)
(146, 10) (34, 134)
(146, 11) (34, 135)
(146, 12) (34, 136)
(146, 13) (34, 137)
(146, 14) (34, 138)
(146, 15) (34, 139)
(146, 16) (34, 140)
(146, 17) (34, 141)
(146, 18) (34, 142)
(146, 19) (34, 143)
(146, 20) (34, 144)
(146, 21) (34, 145)
(146, 22) (34, 146)
(146, 23) (34, 147)
(146, 24) (34, 148)
(146, 25) (34, 149)
(146, 26) (34, 150)
(146, 27) (34, 151)
(146, 28) (34, 152)
(146, 29) (34, 153)
(146, 30) (34, 154)
(146, 31) (34, 155)
(146, 32) (34, 156)
(146, 33) (34, 157)
(146, 34) (34, 158)
(146, 35) (34, 159)
(146, 36) (34, 160)
(146, 37) (34, 161)
(146, 38) (34, 162)
(146, 39) (34, 163)
(146, 40) (34, 164)
(146, 41) (34, 165)
(146, 42) (34, 166)
(146, 43) (34, 167)
(146, 44) (34, 168)
(146, 45) (34, 169)
(146, 46) (34, 170)
(146, 47) (34, 171)
(146, 48) (34, 172)
(146, 49) (34, 173)
(146, 50) (34, 174)
(146, 51) (34, 175)
(146, 52) (34, 176)
(146, 53) (34, 177)
(146, 54) (34, 178)
(146, 55) (34, 179)
(147, 0) (33, 123)
(147, 1) (33, 124)
(147, 2) (33, 125)
(147, 3) (33, 126)
(147, 4) (33, 127)
(147, 5) (33, 128)
(147, 6) (33, 129)
(147, 7) (33, 130)
(147, 8) (33, 131)
(147, 9) (33, 132)
(147, 10) (33, 133)
(147, 11) (33, 134)
(147, 12) (33, 135)
(147, 13) (33, 136)
(147, 14) (33, 137)
(147, 15) (33, 138)
(147, 16) (33, 139)
(147, 17) (33, 140)
(147, 18) (33, 141)
(147, 19) (33, 142)
(147, 20) (33, 143)
(147, 21) (33, 144)
(147, 22) (33, 145)
(147, 23) (33, 146)
(147, 24) (33, 147)
(147, 25) (33, 148)
(147, 26) (33, 149)
(147, 27) (33, 150)
(147, 28) (33, 151)
(147, 29) (33, 152)
(147, 30) (33, 153)
(147, 31) (33, 154)
(147, 32) (33, 155)
(147, 33) (33, 156)
(147, 34) (33, 157)
(147, 35) (33, 158)
(147, 36) (33, 159)
(147, 37) (33, 160)
(147, 38) (33, 161)
(147, 39) (33, 162)
(147, 40) (33, 163)
(147, 41) (33, 164)
(147, 42) (33, 165)
(147, 43) (33, 166)
(147, 44) (33, 167)
(147, 45) (33, 168)
(147, 46) (33, 169)
(147, 47) (33, 170)
(147, 48) (33, 171)
(147, 49) (33, 172)
(147, 50) (33, 173)
(147, 51) (33, 174)
(147, 52) (33, 175)
(147, 53) (33, 176)
(147, 54) (33, 177)
(147, 55) (33, 178)
(147, 56) (33, 179)
(148, 0) (32, 122)
(148, 1) (32, 123)
(148, 2) (32, 124)
(148, 3) (32, 125)
(148, 4) (32, 126)
(148, 5) (32, 127)
(148, 6) (32, 128)
(148, 7) (32, 129)
(148, 8) (32, 130)
(148, 9) (32, 131)
(148, 10) (32, 132)
(148, 11) (32, 133)
(148, 12) (32, 134)
(148, 13) (32, 135)
(148, 14) (32, 136)
(148, 15) (32, 137)
(148, 16) (32, 138)
(148, 17) (32, 139)
(148, 18) (32, 140)
(148, 19) (32, 141)
(148, 20) (32, 142)
(148, 21) (32, 143)
(148, 22) (32, 144)
(148, 23) (32, 145)
(148, 24) (32, 146)
(148, 25) (32, 147)
(148, 26) (32, 148)
(148, 27) (32, 149)
(148, 28) (32, 150)
(148, 29) (32, 151)
(148, 30) (32, 152)
(148, 31) (32, 153)
(148, 32) (32, 154)
(148, 33) (32, 155)
(148, 34) (32, 156)
(148, 35) (32, 157)
(148, 36) (32, 158)
(148, 37) (32, 159)
(148, 38) (32, 160)
(148, 39) (32, 161)
(148, 40) (32, 162)
(148, 41) (32, 163)
(148, 42) (32, 164)
(148, 43) (32, 165)
(148, 44) (32, 166)
(148, 45) (32, 167)
(148, 46) (32, 168)
(148, 47) (32, 169)
(148, 48) (32, 170)
(148, 49) (32, 171)
(148, 50) (32, 172)
(148, 51) (32, 173)
(148, 52) (32, 174)
(148, 53) (32, 175)
(148, 54) (32, 176)
(148, 55) (32, 177)
(148, 56) (32, 178)
(148, 57) (32, 179)
(149, 0) (31, 121)
(149, 1) (31, 122)
(149, 2) (31, 123)
(149, 3) (31, 124)
(149, 4) (31, 125)
(149, 5) (31, 126)
(149, 6) (31, 127)
(149, 7) (31, 128)
(149, 8) (31, 129)
(149, 9) (31, 130)
(149, 10) (31, 131)
(149, 11) (31, 132)
(149, 12) (31, 133)
(149, 13) (31, 134)
(149, 14) (31, 135)
(149, 15) (31, 136)
(149, 16) (31, 137)
(149, 17) (31, 138)
(149, 18) (31, 139)
(149, 19) (31, 140)
(149, 20) (31, 141)
(149, 21) (31, 142)
(149, 22) (31, 143)
(149, 23) (31, 144)
(149, 24) (31, 145)
(149, 25) (31, 146)
(149, 26) (31, 147)
(149, 27) (31, 148)
(149, 28) (31, 149)
(149, 29) (31, 150)
(149, 30) (31, 151)
(149, 31) (31, 152)
(149, 32) (31, 153)
(149, 33) (31, 154)
(149, 34) (31, 155)
(149, 35) (31, 156)
(149, 36) (31, 157)
(149, 37) (31, 158)
(149, 38) (31, 159)
(149, 39) (31, 160)
(149, 40) (31, 161)
(149, 41) (31, 162)
(149, 42) (31, 163)
(149, 43) (31, 164)
(149, 44) (31, 165)
(149, 45) (31, 166)
(149, 46) (31, 167)
(149, 47) (31, 168)
(149, 48) (31, 169)
(149, 49) (31, 170)
(149, 50) (31, 171)
(149, 51) (31, 172)
(149, 52) (31, 173)
(149, 53) (31, 174)
(149, 54) (31, 175)
(149, 55) (31, 176)
(149, 56) (31, 177)
(149, 57) (31, 178)
(149, 58) (31, 179)